  2.000000000000000E-003  2.000000000000000E-003 -0.423860487511898     
  2.000000000000000E-003  0.298270416666667      -0.476686160401348     
  2.000000000000000E-003  0.594540833333333      -0.496726287556060     
  2.000000000000000E-003  0.890811250000000      -0.495730333568658     
  2.000000000000000E-003   1.18708166666667      -0.481652668379047     
  2.000000000000000E-003   1.48335208333333      -0.459002369860877     
  2.000000000000000E-003   1.77962250000000      -0.430995157273293     
  2.000000000000000E-003   2.07589291666667      -0.399524798734280     
  2.000000000000000E-003   2.37216333333333      -0.367223414810739     
  2.000000000000000E-003   2.66843375000000      -0.341638410938711     
  2.000000000000000E-003   2.96470416666667      -0.318693403177759     
  2.000000000000000E-003   3.26097458333333      -0.297158774369562     
  2.000000000000000E-003   3.55724500000000      -0.277899255997908     
  2.000000000000000E-003   3.85351541666667      -0.262205797920077     
  2.000000000000000E-003   4.14978583333333      -0.250900001446705     
  2.000000000000000E-003   4.44605625000000      -0.244047072988703     
  2.000000000000000E-003   4.74232666666667      -0.241311299772645     
  2.000000000000000E-003   5.03859708333333      -0.242789334219215     
  2.000000000000000E-003   5.33486750000000      -0.250334247747101     
  2.000000000000000E-003   5.63113791666667      -0.265153558907051     
  2.000000000000000E-003   5.92740833333333      -0.288202947610643     
  2.000000000000000E-003   6.22367875000000      -0.318831351472321     
  2.000000000000000E-003   6.51994916666667      -0.349267329327792     
  2.000000000000000E-003   6.81621958333333      -0.355763249604082     
  2.000000000000000E-003   7.11249000000000      -0.337652362126849     
  0.298270416666667       2.000000000000000E-003 -0.447424450304221     
  0.298270416666667       0.298270416666667      -0.449868321875608     
  0.298270416666667       0.594540833333333      -0.469019105070074     
  0.298270416666667       0.890811250000000      -0.478599855019927     
  0.298270416666667        1.18708166666667      -0.470847412947845     
  0.298270416666667        1.48335208333333      -0.451543211381209     
  0.298270416666667        1.77962250000000      -0.425565979491486     
  0.298270416666667        2.07589291666667      -0.394869980975946     
  0.298270416666667        2.37216333333333      -0.363910787467470     
  0.298270416666667        2.66843375000000      -0.338996870560046     
  0.298270416666667        2.96470416666667      -0.316420590744028     
  0.298270416666667        3.26097458333333      -0.295228873824118     
  0.298270416666667        3.55724500000000      -0.276354826278496     
  0.298270416666667        3.85351541666667      -0.261084698487364     
  0.298270416666667        4.14978583333333      -0.250198903061491     
  0.298270416666667        4.44605625000000      -0.243749181668398     
  0.298270416666667        4.74232666666667      -0.241431598394453     
  0.298270416666667        5.03859708333333      -0.243330850114405     
  0.298270416666667        5.33486750000000      -0.250971964039558     
  0.298270416666667        5.63113791666667      -0.265221929671852     
  0.298270416666667        5.92740833333333      -0.286173962449576     
  0.298270416666667        6.22367875000000      -0.311297018304878     
  0.298270416666667        6.51994916666667      -0.331846015336843     
  0.298270416666667        6.81621958333333      -0.342083138313550     
  0.298270416666667        7.11249000000000      -0.361966162470091     
  0.594540833333333       2.000000000000000E-003 -0.442216640631677     
  0.594540833333333       0.298270416666667      -0.437315551481470     
  0.594540833333333       0.594540833333333      -0.433738372668810     
  0.594540833333333       0.890811250000000      -0.440702934872440     
  0.594540833333333        1.18708166666667      -0.438950559109463     
  0.594540833333333        1.48335208333333      -0.425955254966626     
  0.594540833333333        1.77962250000000      -0.405115489918230     
  0.594540833333333        2.07589291666667      -0.378818736289805     
  0.594540833333333        2.37216333333333      -0.352215399961672     
  0.594540833333333        2.66843375000000      -0.329848507418498     
  0.594540833333333        2.96470416666667      -0.308906670191967     
  0.594540833333333        3.26097458333333      -0.289112508050351     
  0.594540833333333        3.55724500000000      -0.271537512711332     
  0.594540833333333        3.85351541666667      -0.257416421040304     
  0.594540833333333        4.14978583333333      -0.247431863062113     
  0.594540833333333        4.44605625000000      -0.241601623038984     
  0.594540833333333        4.74232666666667      -0.239654885387555     
  0.594540833333333        5.03859708333333      -0.241596642058473     
  0.594540833333333        5.33486750000000      -0.248396176070392     
  0.594540833333333        5.63113791666667      -0.260441086524500     
  0.594540833333333        5.92740833333333      -0.276966218743581     
  0.594540833333333        6.22367875000000      -0.295376781266941     
  0.594540833333333        6.51994916666667      -0.313366586709746     
  0.594540833333333        6.81621958333333      -0.338727451820121     
  0.594540833333333        7.11249000000000      -0.363853578802588     
  0.890811250000000       2.000000000000000E-003 -0.418557447137350     
  0.890811250000000       0.298270416666667      -0.420361220278474     
  0.890811250000000       0.594540833333333      -0.411191484750801     
  0.890811250000000       0.890811250000000      -0.407629516829959     
  0.890811250000000        1.18708166666667      -0.403389792755457     
  0.890811250000000        1.48335208333333      -0.393284327508743     
  0.890811250000000        1.77962250000000      -0.376777094062314     
  0.890811250000000        2.07589291666667      -0.355318344134381     
  0.890811250000000        2.37216333333333      -0.334698711593290     
  0.890811250000000        2.66843375000000      -0.315685688080093     
  0.890811250000000        2.96470416666667      -0.297208912705456     
  0.890811250000000        3.26097458333333      -0.279623993699539     
  0.890811250000000        3.55724500000000      -0.264060853372611     
  0.890811250000000        3.85351541666667      -0.251614680151945     
  0.890811250000000        4.14978583333333      -0.242842328317876     
  0.890811250000000        4.44605625000000      -0.237745919588391     
  0.890811250000000        4.74232666666667      -0.236119924844433     
  0.890811250000000        5.03859708333333      -0.237983294625151     
  0.890811250000000        5.33486750000000      -0.243887264373872     
  0.890811250000000        5.63113791666667      -0.254217821313867     
  0.890811250000000        5.92740833333333      -0.268504582152072     
  0.890811250000000        6.22367875000000      -0.286097489038947     
  0.890811250000000        6.51994916666667      -0.307791510528021     
  0.890811250000000        6.81621958333333      -0.334422022640301     
  0.890811250000000        7.11249000000000      -0.351572973060684     
   1.18708166666667       2.000000000000000E-003 -0.389336017234031     
   1.18708166666667       0.298270416666667      -0.394246489717071     
   1.18708166666667       0.594540833333333      -0.387135324761352     
   1.18708166666667       0.890811250000000      -0.378850030132989     
   1.18708166666667        1.18708166666667      -0.370766189927343     
   1.18708166666667        1.48335208333333      -0.360430153232875     
   1.18708166666667        1.77962250000000      -0.346462691498333     
   1.18708166666667        2.07589291666667      -0.330035846043348     
   1.18708166666667        2.37216333333333      -0.314204638429699     
   1.18708166666667        2.66843375000000      -0.298522910618668     
   1.18708166666667        2.96470416666667      -0.282920915298259     
   1.18708166666667        3.26097458333333      -0.268051886156929     
   1.18708166666667        3.55724500000000      -0.254922130039715     
   1.18708166666667        3.85351541666667      -0.244397320073554     
   1.18708166666667        4.14978583333333      -0.236912967586638     
   1.18708166666667        4.44605625000000      -0.232512638344862     
   1.18708166666667        4.74232666666667      -0.231120871329349     
   1.18708166666667        5.03859708333333      -0.232846224863435     
   1.18708166666667        5.33486750000000      -0.238156905872068     
   1.18708166666667        5.63113791666667      -0.247599322546034     
   1.18708166666667        5.92740833333333      -0.261196037055480     
   1.18708166666667        6.22367875000000      -0.278875905018922     
   1.18708166666667        6.51994916666667      -0.300260288181882     
   1.18708166666667        6.81621958333333      -0.321651998408950     
   1.18708166666667        7.11249000000000      -0.332671725791773     
   1.48335208333333       2.000000000000000E-003 -0.359067364212047     
   1.48335208333333       0.298270416666667      -0.364575917960369     
   1.48335208333333       0.594540833333333      -0.359750787156610     
   1.48335208333333       0.890811250000000      -0.350912535060509     
   1.48335208333333        1.18708166666667      -0.340950330870852     
   1.48335208333333        1.48335208333333      -0.330007717428768     
   1.48335208333333        1.77962250000000      -0.317805896121463     
   1.48335208333333        2.07589291666667      -0.305456059818018     
   1.48335208333333        2.37216333333333      -0.293007408294564     
   1.48335208333333        2.66843375000000      -0.280388810433398     
   1.48335208333333        2.96470416666667      -0.267857845485699     
   1.48335208333333        3.26097458333333      -0.255928652868859     
   1.48335208333333        3.55724500000000      -0.245345335772078     
   1.48335208333333        3.85351541666667      -0.236672159540371     
   1.48335208333333        4.14978583333333      -0.230285622097391     
   1.48335208333333        4.44605625000000      -0.226342508888203     
   1.48335208333333        4.74232666666667      -0.224997133815494     
   1.48335208333333        5.03859708333333      -0.226487132283318     
   1.48335208333333        5.33486750000000      -0.231251796612169     
   1.48335208333333        5.63113791666667      -0.239937692782180     
   1.48335208333333        5.92740833333333      -0.252711307461474     
   1.48335208333333        6.22367875000000      -0.269058423797768     
   1.48335208333333        6.51994916666667      -0.287261336623155     
   1.48335208333333        6.81621958333333      -0.303249145995182     
   1.48335208333333        7.11249000000000      -0.310375392135825     
   1.77962250000000       2.000000000000000E-003 -0.328976584000327     
   1.77962250000000       0.298270416666667      -0.334171049065521     
   1.77962250000000       0.594540833333333      -0.330857615067805     
   1.77962250000000       0.890811250000000      -0.322810979786221     
   1.77962250000000        1.18708166666667      -0.312858495594689     
   1.77962250000000        1.48335208333333      -0.302454298400525     
   1.77962250000000        1.77962250000000      -0.292423772641192     
   1.77962250000000        2.07589291666667      -0.282508224591217     
   1.77962250000000        2.37216333333333      -0.272639575674577     
   1.77962250000000        2.66843375000000      -0.262785506804255     
   1.77962250000000        2.96470416666667      -0.253144122516696     
   1.77962250000000        3.26097458333333      -0.244083480760188     
   1.77962250000000        3.55724500000000      -0.235888091640158     
   1.77962250000000        3.85351541666667      -0.228856995519391     
   1.77962250000000        4.14978583333333      -0.223283852315192     
   1.77962250000000        4.44605625000000      -0.219570185628395     
   1.77962250000000        4.74232666666667      -0.218057979466583     
   1.77962250000000        5.03859708333333      -0.219125055945345     
   1.77962250000000        5.33486750000000      -0.223209017953909     
   1.77962250000000        5.63113791666667      -0.230663850755868     
   1.77962250000000        5.92740833333333      -0.241789175363358     
   1.77962250000000        6.22367875000000      -0.255670709764707     
   1.77962250000000        6.51994916666667      -0.270165428998814     
   1.77962250000000        6.81621958333333      -0.281799400586833     
   1.77962250000000        7.11249000000000      -0.286251163667862     
   2.07589291666667       2.000000000000000E-003 -0.299218949118354     
   2.07589291666667       0.298270416666667      -0.303446925177685     
   2.07589291666667       0.594540833333333      -0.301248771926076     
   2.07589291666667       0.890811250000000      -0.294592999062716     
   2.07589291666667        1.18708166666667      -0.286431074330259     
   2.07589291666667        1.48335208333333      -0.277947299889426     
   2.07589291666667        1.77962250000000      -0.269551434605892     
   2.07589291666667        2.07589291666667      -0.261441355231338     
   2.07589291666667        2.37216333333333      -0.253594279478349     
   2.07589291666667        2.66843375000000      -0.246030386695053     
   2.07589291666667        2.96470416666667      -0.239008696289229     
   2.07589291666667        3.26097458333333      -0.232682880497236     
   2.07589291666667        3.55724500000000      -0.226760879292042     
   2.07589291666667        3.85351541666667      -0.221024630358665     
   2.07589291666667        4.14978583333333      -0.215886569298400     
   2.07589291666667        4.44605625000000      -0.212139979453459     
   2.07589291666667        4.74232666666667      -0.210357228199735     
   2.07589291666667        5.03859708333333      -0.210918357229459     
   2.07589291666667        5.33486750000000      -0.214145925918801     
   2.07589291666667        5.63113791666667      -0.220217964537435     
   2.07589291666667        5.92740833333333      -0.228861001915450     
   2.07589291666667        6.22367875000000      -0.239359459825146     
   2.07589291666667        6.51994916666667      -0.250199903866730     
   2.07589291666667        6.81621958333333      -0.258239196761684     
   2.07589291666667        7.11249000000000      -0.261000293797508     
   2.37216333333333       2.000000000000000E-003 -0.270434864325942     
   2.37216333333333       0.298270416666667      -0.274092664178448     
   2.37216333333333       0.594540833333333      -0.273121926989512     
   2.37216333333333       0.890811250000000      -0.268782722672148     
   2.37216333333333        1.18708166666667      -0.262532605742013     
   2.37216333333333        1.48335208333333      -0.255527760181326     
   2.37216333333333        1.77962250000000      -0.248575202642976     
   2.37216333333333        2.07589291666667      -0.241998836996230     
   2.37216333333333        2.37216333333333      -0.235787904161050     
   2.37216333333333        2.66843375000000      -0.230111663294275     
   2.37216333333333        2.96470416666667      -0.225385988765614     
   2.37216333333333        3.26097458333333      -0.221719913926435     
   2.37216333333333        3.55724500000000      -0.218011195285265     
   2.37216333333333        3.85351541666667      -0.213156178368574     
   2.37216333333333        4.14978583333333      -0.207988585123288     
   2.37216333333333        4.44605625000000      -0.204004132713384     
   2.37216333333333        4.74232666666667      -0.201883043175970     
   2.37216333333333        5.03859708333333      -0.201876718630040     
   2.37216333333333        5.33486750000000      -0.204163043355979     
   2.37216333333333        5.63113791666667      -0.208802876887582     
   2.37216333333333        5.92740833333333      -0.215380121366461     
   2.37216333333333        6.22367875000000      -0.222872031893245     
   2.37216333333333        6.51994916666667      -0.229872284577864     
   2.37216333333333        6.81621958333333      -0.234685591944405     
   2.37216333333333        7.11249000000000      -0.235716983943591     
   2.66843375000000       2.000000000000000E-003 -0.246069475648971     
   2.66843375000000       0.298270416666667      -0.249033348038794     
   2.66843375000000       0.594540833333333      -0.248494105507067     
   2.66843375000000       0.890811250000000      -0.245181183005678     
   2.66843375000000        1.18708166666667      -0.240143019627464     
   2.66843375000000        1.48335208333333      -0.234453989569181     
   2.66843375000000        1.77962250000000      -0.228959006143810     
   2.66843375000000        2.07589291666667      -0.223897639392920     
   2.66843375000000        2.37216333333333      -0.219257732497815     
   2.66843375000000        2.66843375000000      -0.215129578215581     
   2.66843375000000        2.96470416666667      -0.212068875675326     
   2.66843375000000        3.26097458333333      -0.210807586172152     
   2.66843375000000        3.55724500000000      -0.209430255231933     
   2.66843375000000        3.85351541666667      -0.204846606778477     
   2.66843375000000        4.14978583333333      -0.199300736123351     
   2.66843375000000        4.44605625000000      -0.195217752915300     
   2.66843375000000        4.74232666666667      -0.192783791545338     
   2.66843375000000        5.03859708333333      -0.192078132911011     
   2.66843375000000        5.33486750000000      -0.193294113034451     
   2.66843375000000        5.63113791666667      -0.196453936767478     
   2.66843375000000        5.92740833333333      -0.201213346576006     
   2.66843375000000        6.22367875000000      -0.206570431027079     
   2.66843375000000        6.51994916666667      -0.211281197874387     
   2.66843375000000        6.81621958333333      -0.214119810302728     
   2.66843375000000        7.11249000000000      -0.214106672381490     
   2.96470416666667       2.000000000000000E-003 -0.223595217837712     
   2.96470416666667       0.298270416666667      -0.225832711221039     
   2.96470416666667       0.594540833333333      -0.225332467662488     
   2.96470416666667       0.890811250000000      -0.222643626947114     
   2.96470416666667        1.18708166666667      -0.218632059581629     
   2.96470416666667        1.48335208333333      -0.214297729075148     
   2.96470416666667        1.77962250000000      -0.210334625941742     
   2.96470416666667        2.07589291666667      -0.206960629629426     
   2.96470416666667        2.37216333333333      -0.204137291480719     
   2.96470416666667        2.66843375000000      -0.201610760280496     
   2.96470416666667        2.96470416666667      -0.199403008232373     
   2.96470416666667        3.26097458333333      -0.199247278841854     
   2.96470416666667        3.55724500000000      -0.200296902228633     
   2.96470416666667        3.85351541666667      -0.195280306012629     
   2.96470416666667        4.14978583333333      -0.189916961612849     
   2.96470416666667        4.44605625000000      -0.186235276868932     
   2.96470416666667        4.74232666666667      -0.183327035234493     
   2.96470416666667        5.03859708333333      -0.181647535610117     
   2.96470416666667        5.33486750000000      -0.181630310380801     
   2.96470416666667        5.63113791666667      -0.183296103029299     
   2.96470416666667        5.92740833333333      -0.186336496598873     
   2.96470416666667        6.22367875000000      -0.189934558592596     
   2.96470416666667        6.51994916666667      -0.192996573479720     
   2.96470416666667        6.81621958333333      -0.194548406785374     
   2.96470416666667        7.11249000000000      -0.193867156993966     
   3.26097458333333       2.000000000000000E-003 -0.202056726854170     
   3.26097458333333       0.298270416666667      -0.203607680234469     
   3.26097458333333       0.594540833333333      -0.203063665915328     
   3.26097458333333       0.890811250000000      -0.200899240288703     
   3.26097458333333        1.18708166666667      -0.197861777140099     
   3.26097458333333        1.48335208333333      -0.194837472474156     
   3.26097458333333        1.77962250000000      -0.192389872692790     
   3.26097458333333        2.07589291666667      -0.190749173915712     
   3.26097458333333        2.37216333333333      -0.189988560313164     
   3.26097458333333        2.66843375000000      -0.189786820268181     
   3.26097458333333        2.96470416666667      -0.189112224709209     
   3.26097458333333        3.26097458333333      -0.187384142246876     
   3.26097458333333        3.55724500000000      -0.188445242228554     
   3.26097458333333        3.85351541666667      -0.184579962183293     
   3.26097458333333        4.14978583333333      -0.181440225219778     
   3.26097458333333        4.44605625000000      -0.177437171264484     
   3.26097458333333        4.74232666666667      -0.173366569671823     
   3.26097458333333        5.03859708333333      -0.170514777071370     
   3.26097458333333        5.33486750000000      -0.169284365196786     
   3.26097458333333        5.63113791666667      -0.169569295364291     
   3.26097458333333        5.92740833333333      -0.171067136514726     
   3.26097458333333        6.22367875000000      -0.173127623479812     
   3.26097458333333        6.51994916666667      -0.174834412283072     
   3.26097458333333        6.81621958333333      -0.175389827391795     
   3.26097458333333        7.11249000000000      -0.174208365754269     
   3.55724500000000       2.000000000000000E-003 -0.181662348769562     
   3.55724500000000       0.298270416666667      -0.182560228626103     
   3.55724500000000       0.594540833333333      -0.181929969453656     
   3.55724500000000       0.890811250000000      -0.180192089797678     
   3.55724500000000        1.18708166666667      -0.177977575588773     
   3.55724500000000        1.48335208333333      -0.176028837666207     
   3.55724500000000        1.77962250000000      -0.174748453386411     
   3.55724500000000        2.07589291666667      -0.174391861009237     
   3.55724500000000        2.37216333333333      -0.175078183840007     
   3.55724500000000        2.66843375000000      -0.176651958060980     
   3.55724500000000        2.96470416666667      -0.178219702556104     
   3.55724500000000        3.26097458333333      -0.177093238627327     
   3.55724500000000        3.55724500000000      -0.172032811045879     
   3.55724500000000        3.85351541666667      -0.173369944630166     
   3.55724500000000        4.14978583333333      -0.171221081738941     
   3.55724500000000        4.44605625000000      -0.166333278612769     
   3.55724500000000        4.74232666666667      -0.161676172289272     
   3.55724500000000        5.03859708333333      -0.158290459028717     
   3.55724500000000        5.33486750000000      -0.156329435641205     
   3.55724500000000        5.63113791666667      -0.155635293938918     
   3.55724500000000        5.92740833333333      -0.155912856880161     
   3.55724500000000        6.22367875000000      -0.156699388004292     
   3.55724500000000        6.51994916666667      -0.157279212811380     
   3.55724500000000        6.81621958333333      -0.157013773999772     
   3.55724500000000        7.11249000000000      -0.155424025203581     
   3.85351541666667       2.000000000000000E-003 -0.162892210711710     
   3.85351541666667       0.298270416666667      -0.163142192820084     
   3.85351541666667       0.594540833333333      -0.162334303515458     
   3.85351541666667       0.890811250000000      -0.160828650420837     
   3.85351541666667        1.18708166666667      -0.159134945461345     
   3.85351541666667        1.48335208333333      -0.157823995242997     
   3.85351541666667        1.77962250000000      -0.157172098453295     
   3.85351541666667        2.07589291666667      -0.157292632473277     
   3.85351541666667        2.37216333333333      -0.158144593968754     
   3.85351541666667        2.66843375000000      -0.159248826151535     
   3.85351541666667        2.96470416666667      -0.159693801458426     
   3.85351541666667        3.26097458333333      -0.160065940812205     
   3.85351541666667        3.55724500000000      -0.160877604910551     
   3.85351541666667        3.85351541666667      -0.154715070279991     
   3.85351541666667        4.14978583333333      -0.152614057458873     
   3.85351541666667        4.44605625000000      -0.150484594308502     
   3.85351541666667        4.74232666666667      -0.147570552162334     
   3.85351541666667        5.03859708333333      -0.144906692398786     
   3.85351541666667        5.33486750000000      -0.142979196577063     
   3.85351541666667        5.63113791666667      -0.141828045324548     
   3.85351541666667        5.92740833333333      -0.141322378466118     
   3.85351541666667        6.22367875000000      -0.141169621255237     
   3.85351541666667        6.51994916666667      -0.140870256391159     
   3.85351541666667        6.81621958333333      -0.139935679178310     
   3.85351541666667        7.11249000000000      -0.137994266989054     
   4.14978583333333       2.000000000000000E-003 -0.145997164132682     
   4.14978583333333       0.298270416666667      -0.145559367241264     
   4.14978583333333       0.594540833333333      -0.144412235206023     
   4.14978583333333       0.890811250000000      -0.142861504530144     
   4.14978583333333        1.18708166666667      -0.141308564212983     
   4.14978583333333        1.48335208333333      -0.140166154205393     
   4.14978583333333        1.77962250000000      -0.139613463433175     
   4.14978583333333        2.07589291666667      -0.139652823322327     
   4.14978583333333        2.37216333333333      -0.140148364055074     
   4.14978583333333        2.66843375000000      -0.140751411377096     
   4.14978583333333        2.96470416666667      -0.141601219724254     
   4.14978583333333        3.26097458333333      -0.144511394901041     
   4.14978583333333        3.55724500000000      -0.146220495918095     
   4.14978583333333        3.85351541666667      -0.139816602587901     
   4.14978583333333        4.14978583333333      -0.135386036987363     
   4.14978583333333        4.44605625000000      -0.133970253809473     
   4.14978583333333        4.74232666666667      -0.132637076387272     
   4.14978583333333        5.03859708333333      -0.131069209374163     
   4.14978583333333        5.33486750000000      -0.129609533439818     
   4.14978583333333        5.63113791666667      -0.128425141680604     
   4.14978583333333        5.92740833333333      -0.127517166014004     
   4.14978583333333        6.22367875000000      -0.126755654811973     
   4.14978583333333        6.51994916666667      -0.125825407991116     
   4.14978583333333        6.81621958333333      -0.124367087360462     
   4.14978583333333        7.11249000000000      -0.122112158497492     
   4.44605625000000       2.000000000000000E-003 -0.130806658291348     
   4.44605625000000       0.298270416666667      -0.129599276921807     
   4.44605625000000       0.594540833333333      -0.127911603649489     
   4.44605625000000       0.890811250000000      -0.126018636957007     
   4.44605625000000        1.18708166666667      -0.124249188793681     
   4.44605625000000        1.48335208333333      -0.122911049953943     
   4.44605625000000        1.77962250000000      -0.122155009866162     
   4.44605625000000        2.07589291666667      -0.121974200235069     
   4.44605625000000        2.37216333333333      -0.122341316951845     
   4.44605625000000        2.66843375000000      -0.123247985201880     
   4.44605625000000        2.96470416666667      -0.125053251796126     
   4.44605625000000        3.26097458333333      -0.127905795008008     
   4.44605625000000        3.55724500000000      -0.128808959686737     
   4.44605625000000        3.85351541666667      -0.125231005966917     
   4.44605625000000        4.14978583333333      -0.121388982412571     
   4.44605625000000        4.44605625000000      -0.119579346022775     
   4.44605625000000        4.74232666666667      -0.118606412268395     
   4.44605625000000        5.03859708333333      -0.117661954730791     
   4.44605625000000        5.33486750000000      -0.116636606375695     
   4.44605625000000        5.63113791666667      -0.115567799477857     
   4.44605625000000        5.92740833333333      -0.114483415367877     
   4.44605625000000        6.22367875000000      -0.113356337829504     
   4.44605625000000        6.51994916666667      -0.111985122421401     
   4.44605625000000        6.81621958333333      -0.110106389269648     
   4.44605625000000        7.11249000000000      -0.107542293651820     
   4.74232666666667       2.000000000000000E-003 -0.116870699631324     
   4.74232666666667       0.298270416666667      -0.114765149664724     
   4.74232666666667       0.594540833333333      -0.112327332071176     
   4.74232666666667       0.890811250000000      -0.109826863783633     
   4.74232666666667        1.18708166666667      -0.107562788492957     
   4.74232666666667        1.48335208333333      -0.105820094654571     
   4.74232666666667        1.77962250000000      -0.104759877043100     
   4.74232666666667        2.07589291666667      -0.104433577813101     
   4.74232666666667        2.37216333333333      -0.104911314532866     
   4.74232666666667        2.66843375000000      -0.106242065112024     
   4.74232666666667        2.96470416666667      -0.108411547188965     
   4.74232666666667        3.26097458333333      -0.110807162619053     
   4.74232666666667        3.55724500000000      -0.111726994464390     
   4.74232666666667        3.85351541666667      -0.110311332512982     
   4.74232666666667        4.14978583333333      -0.108126498544103     
   4.74232666666667        4.44605625000000      -0.106636448254237     
   4.74232666666667        4.74232666666667      -0.105775937598943     
   4.74232666666667        5.03859708333333      -0.105074843650287     
   4.74232666666667        5.33486750000000      -0.104277183665020     
   4.74232666666667        5.63113791666667      -0.103276621973061     
   4.74232666666667        5.92740833333333      -0.102093532016984     
   4.74232666666667        6.22367875000000      -0.100724139990559     
   4.74232666666667        6.51994916666667      -9.900376187742352E-002
   4.74232666666667        6.81621958333333      -9.672724479011086E-002
   4.74232666666667        7.11249000000000      -9.379990423165581E-002
   5.03859708333333       2.000000000000000E-003 -0.103779111515794     
   5.03859708333333       0.298270416666667      -0.100563385052414     
   5.03859708333333       0.594540833333333      -9.711294815816440E-002
   5.03859708333333       0.890811250000000      -9.376858890221572E-002
   5.03859708333333        1.18708166666667      -9.080660127598274E-002
   5.03859708333333        1.48335208333333      -8.855764275233782E-002
   5.03859708333333        1.77962250000000      -8.725275012511481E-002
   5.03859708333333        2.07589291666667      -8.694746222953519E-002
   5.03859708333333        2.37216333333333      -8.769294058863553E-002
   5.03859708333333        2.66843375000000      -8.947039750149312E-002
   5.03859708333333        2.96470416666667      -9.198359117636866E-002
   5.03859708333333        3.26097458333333      -9.449898195203328E-002
   5.03859708333333        3.55724500000000      -9.601845725813148E-002
   5.03859708333333        3.85351541666667      -9.611179835198849E-002
   5.03859708333333        4.14978583333333      -9.536628071482363E-002
   5.03859708333333        4.44605625000000      -9.455440047980686E-002
   5.03859708333333        4.74232666666667      -9.392371820101936E-002
   5.03859708333333        5.03859708333333      -9.333434808949585E-002
   5.03859708333333        5.33486750000000      -9.257745419249976E-002
   5.03859708333333        5.63113791666667      -9.153107639286787E-002
   5.03859708333333        5.92740833333333      -9.024138289158935E-002
   5.03859708333333        6.22367875000000      -8.865965144682837E-002
   5.03859708333333        6.51994916666667      -8.659775250524475E-002
   5.03859708333333        6.81621958333333      -8.383159325016448E-002
   5.03859708333333        7.11249000000000      -8.040409892764884E-002
   5.33486750000000       2.000000000000000E-003 -9.145190214880894E-002
   5.33486750000000       0.298270416666667      -8.696679334220225E-002
   5.33486750000000       0.594540833333333      -8.216234428051702E-002
   5.33486750000000       0.890811250000000      -7.746776741936258E-002
   5.33486750000000        1.18708166666667      -7.345882347863696E-002
   5.33486750000000        1.48335208333333      -7.069083218509468E-002
   5.33486750000000        1.77962250000000      -6.930632963784275E-002
   5.33486750000000        2.07589291666667      -6.931262417413800E-002
   5.33486750000000        2.37216333333333      -7.059699009086633E-002
   5.33486750000000        2.66843375000000      -7.302397403195854E-002
   5.33486750000000        2.96470416666667      -7.618164244999309E-002
   5.33486750000000        3.26097458333333      -7.935330822316679E-002
   5.33486750000000        3.55724500000000      -8.178137099265406E-002
   5.33486750000000        3.85351541666667      -8.307939437409996E-002
   5.33486750000000        4.14978583333333      -8.344757059035290E-002
   5.33486750000000        4.44605625000000      -8.330896211471815E-002
   5.33486750000000        4.74232666666667      -8.294507251355383E-002
   5.33486750000000        5.03859708333333      -8.237958896316086E-002
   5.33486750000000        5.33486750000000      -8.150287246870347E-002
   5.33486750000000        5.63113791666667      -8.032050434320780E-002
   5.33486750000000        5.92740833333333      -7.885319135065894E-002
   5.33486750000000        6.22367875000000      -7.693752945530363E-002
   5.33486750000000        6.51994916666667      -7.429702580483263E-002
   5.33486750000000        6.81621958333333      -7.081534124075976E-002
   5.33486750000000        7.11249000000000      -6.673955725119547E-002
   5.63113791666667       2.000000000000000E-003 -7.944794978549725E-002
   5.63113791666667       0.298270416666667      -7.355228565624275E-002
   5.63113791666667       0.594540833333333      -6.710231777388383E-002
   5.63113791666667       0.890811250000000      -6.058416337556688E-002
   5.63113791666667        1.18708166666667      -5.504133159656126E-002
   5.63113791666667        1.48335208333333      -5.154344206955160E-002
   5.63113791666667        1.77962250000000      -5.051955116196467E-002
   5.63113791666667        2.07589291666667      -5.130188211187177E-002
   5.63113791666667        2.37216333333333      -5.353757740836193E-002
   5.63113791666667        2.66843375000000      -5.697014084235497E-002
   5.63113791666667        2.96470416666667      -6.112732288475786E-002
   5.63113791666667        3.26097458333333      -6.534419894786486E-002
   5.63113791666667        3.55724500000000      -6.886411789485335E-002
   5.63113791666667        3.85351541666667      -7.127075675862465E-002
   5.63113791666667        4.14978583333333      -7.254640497475194E-002
   5.63113791666667        4.44605625000000      -7.296977846424535E-002
   5.63113791666667        4.74232666666667      -7.278573778568589E-002
   5.63113791666667        5.03859708333333      -7.213321521401196E-002
   5.63113791666667        5.33486750000000      -7.105052702992970E-002
   5.63113791666667        5.63113791666667      -6.954881165485083E-002
   5.63113791666667        5.92740833333333      -6.763013135146349E-002
   5.63113791666667        6.22367875000000      -6.515863232661581E-002
   5.63113791666667        6.51994916666667      -6.171671904529422E-002
   5.63113791666667        6.81621958333333      -5.714751499852798E-002
   5.63113791666667        7.11249000000000      -5.215570660104700E-002
   5.92740833333333       2.000000000000000E-003 -6.714052177432135E-002
   5.92740833333333       0.298270416666667      -5.971579515824894E-002
   5.92740833333333       0.594540833333333      -5.130216497055547E-002
   5.92740833333333       0.890811250000000      -4.235449028781847E-002
   5.92740833333333        1.18708166666667      -3.493096971816597E-002
   5.92740833333333        1.48335208333333      -3.074131619544164E-002
   5.92740833333333        1.77962250000000      -3.034991769100363E-002
   5.92740833333333        2.07589291666667      -3.292975246778777E-002
   5.92740833333333        2.37216333333333      -3.664189074339044E-002
   5.92740833333333        2.66843375000000      -4.137949312838989E-002
   5.92740833333333        2.96470416666667      -4.683188191751942E-002
   5.92740833333333        3.26097458333333      -5.232182433920790E-002
   5.92740833333333        3.55724500000000      -5.707381334347960E-002
   5.92740833333333        3.85351541666667      -6.055050127957971E-002
   5.92740833333333        4.14978583333333      -6.262095131448180E-002
   5.92740833333333        4.44605625000000      -6.347767729870832E-002
   5.92740833333333        4.74232666666667      -6.341319823223940E-002
   5.92740833333333        5.03859708333333      -6.262610938031950E-002
   5.92740833333333        5.33486750000000      -6.114965115269740E-002
   5.92740833333333        5.63113791666667      -5.891756145373339E-002
   5.92740833333333        5.92740833333333      -5.619369530022614E-002
   5.92740833333333        6.22367875000000      -5.301582404042060E-002
   5.92740833333333        6.51994916666667      -4.866976870946913E-002
   5.92740833333333        6.81621958333333      -4.244356208408780E-002
   5.92740833333333        7.11249000000000      -3.595109002409274E-002
   6.22367875000000       2.000000000000000E-003 -5.381760612578071E-002
   6.22367875000000       0.298270416666667      -4.497837251102073E-002
   6.22367875000000       0.594540833333333      -3.412308977318802E-002
   6.22367875000000       0.890811250000000      -2.191699105196684E-002
   6.22367875000000        1.18708166666667      -1.267117808743216E-002
   6.22367875000000        1.48335208333333      -8.515073161315714E-003
   6.22367875000000        1.77962250000000      -9.445556577010831E-003
   6.22367875000000        2.07589291666667      -1.450327877195612E-002
   6.22367875000000        2.37216333333333      -2.052469550770698E-002
   6.22367875000000        2.66843375000000      -2.682785155027589E-002
   6.22367875000000        2.96470416666667      -3.362089757007675E-002
   6.22367875000000        3.26097458333333      -4.040443760848499E-002
   6.22367875000000        3.55724500000000      -4.637027142837524E-002
   6.22367875000000        3.85351541666667      -5.086593024708809E-002
   6.22367875000000        4.14978583333333      -5.365750973088445E-002
   6.22367875000000        4.44605625000000      -5.489842130965298E-002
   6.22367875000000        4.74232666666667      -5.489874659538976E-002
   6.22367875000000        5.03859708333333      -5.386661444001353E-002
   6.22367875000000        5.33486750000000      -5.162695914114562E-002
   6.22367875000000        5.63113791666667      -4.806812009294578E-002
   6.22367875000000        5.92740833333333      -4.385009350767185E-002
   6.22367875000000        6.22367875000000      -3.965909494008111E-002
   6.22367875000000        6.51994916666667      -3.484266152376582E-002
   6.22367875000000        6.81621958333333      -2.675439274711418E-002
   6.22367875000000        7.11249000000000      -1.771941585010064E-002
   6.51994916666667       2.000000000000000E-003 -3.954313401028031E-002
   6.51994916666667       0.298270416666667      -2.955867069362169E-002
   6.51994916666667       0.594540833333333      -1.456326159690945E-002
   6.51994916666667       0.890811250000000       1.345787570386153E-003
   6.51994916666667        1.18708166666667       1.105437679035593E-002
   6.51994916666667        1.48335208333333       1.357042778211761E-002
   6.51994916666667        1.77962250000000       1.042246658163168E-002
   6.51994916666667        2.07589291666667       2.909843727270188E-003
   6.51994916666667        2.37216333333333      -6.128913156331218E-003
   6.51994916666667        2.66843375000000      -1.412124977120435E-002
   6.51994916666667        2.96470416666667      -2.215677788904964E-002
   6.51994916666667        3.26097458333333      -3.006077665971536E-002
   6.51994916666667        3.55724500000000      -3.705305638269622E-002
   6.51994916666667        3.85351541666667      -4.239688594762620E-002
   6.51994916666667        4.14978583333333      -4.577033320308622E-002
   6.51994916666667        4.44605625000000      -4.728963758975339E-002
   6.51994916666667        4.74232666666667      -4.727012317692249E-002
   6.51994916666667        5.03859708333333      -4.589531695736618E-002
   6.51994916666667        5.33486750000000      -4.248916117751428E-002
   6.51994916666667        5.63113791666667      -3.689274099138535E-002
   6.51994916666667        5.92740833333333      -2.982327011448590E-002
   6.51994916666667        6.22367875000000      -2.307987581417019E-002
   6.51994916666667        6.51994916666667      -1.835694571809674E-002
   6.51994916666667        6.81621958333333      -1.111160027927006E-002
   6.51994916666667        7.11249000000000       7.428905193840504E-004
   6.81621958333333       2.000000000000000E-003 -2.643307373171040E-002
   6.81621958333333       0.298270416666667      -1.164948020013139E-002
   6.81621958333333       0.594540833333333       9.433463576833738E-003
   6.81621958333333       0.890811250000000       2.530332709503473E-002
   6.81621958333333        1.18708166666667       3.239276494493918E-002
   6.81621958333333        1.48335208333333       3.206132978248373E-002
   6.81621958333333        1.77962250000000       2.641267498143756E-002
   6.81621958333333        2.07589291666667       1.662587793826702E-002
   6.81621958333333        2.37216333333333       5.285197971174121E-003
   6.81621958333333        2.66843375000000      -4.087743420390006E-003
   6.81621958333333        2.96470416666667      -1.302648677553696E-002
   6.81621958333333        3.26097458333333      -2.169436632459095E-002
   6.81621958333333        3.55724500000000      -2.936907144505284E-002
   6.81621958333333        3.85351541666667      -3.526945423522286E-002
   6.81621958333333        4.14978583333333      -3.900838668314532E-002
   6.81621958333333        4.44605625000000      -4.066980073263815E-002
   6.81621958333333        4.74232666666667      -4.056911576599365E-002
   6.81621958333333        5.03859708333333      -3.879453159338619E-002
   6.81621958333333        5.33486750000000      -3.422774866614219E-002
   6.81621958333333        5.63113791666667      -2.637114816479742E-002
   6.81621958333333        5.92740833333333      -1.528965671004718E-002
   6.81621958333333        6.22367875000000      -2.596880227856039E-003
   6.81621958333333        6.51994916666667       6.345717154951086E-003
   6.81621958333333        6.81621958333333       6.895376485446573E-003
   6.81621958333333        7.11249000000000       1.261216000713733E-002
   7.11249000000000       2.000000000000000E-003 -1.589528303791501E-002
   7.11249000000000       0.298270416666667       9.853774174992782E-003
   7.11249000000000       0.594540833333333       2.758955619583968E-002
   7.11249000000000       0.890811250000000       3.944022209887882E-002
   7.11249000000000        1.18708166666667       4.397762577695793E-002
   7.11249000000000        1.48335208333333       4.200498806513252E-002
   7.11249000000000        1.77962250000000       3.516787132785643E-002
   7.11249000000000        2.07589291666667       2.476178006644755E-002
   7.11249000000000        2.37216333333333       1.250706584764708E-002
   7.11249000000000        2.66843375000000       2.621011972983665E-003
   7.11249000000000        2.96470416666667      -6.628093798074344E-003
   7.11249000000000        3.26097458333333      -1.554994183571927E-002
   7.11249000000000        3.55724500000000      -2.345058579799581E-002
   7.11249000000000        3.85351541666667      -2.953323575615939E-002
   7.11249000000000        4.14978583333333      -3.337833469420823E-002
   7.11249000000000        4.44605625000000      -3.505057210307496E-002
   7.11249000000000        4.74232666666667      -3.486283753850482E-002
   7.11249000000000        5.03859708333333      -3.285360099257888E-002
   7.11249000000000        5.33486750000000      -2.773232359845793E-002
   7.11249000000000        5.63113791666667      -1.877105466708666E-002
   7.11249000000000        5.92740833333333      -5.433053377699192E-003
   7.11249000000000        6.22367875000000       1.179421784001556E-002
   7.11249000000000        6.51994916666667       2.791746544739265E-002
   7.11249000000000        6.81621958333333       2.854750812213218E-002
   7.11249000000000        7.11249000000000       1.779276187856086E-002
